[finallogo.jpg]
filters=PicnikTint=1,4.093567,ffa6e3d3;CrossProcess=1,32.748539;
moddate=09bcbcb30852d301
width=511
height=347
textactive=0
